"fitness_values": [
                97153815351.0,
                97153815351.0,
                94656902320.5,
                67815436645.5,
                86372408737.0,
                94656902320.5,
                67815436645.5,
                67815436645.5,
                94656902320.5,
                65625369280.5,
                67886728865.0,
                97852860617.0,
                67815436645.5,
                92319298307.0,
                92319298307.0,
                92319298307.0,
                65625369280.5,
                65625369280.5,
                65625369280.5,
                67228980433.5,
                67815436645.5,
                97852860617.0,
                62320828741.5,
                62320828741.5,
                60381890560.5,
                62320828741.5,
                75316457831.5,
                60381890560.5,
                59476765861.5,
                81179455136.0,
                60362401352.0,
                60173553840.5,
                60770220087.0,
                62206080024.5,
                59476765861.5,
                81942984743.0,
                62457996647.5,
                64101443058.0,
                58020763116.5,
                58020763116.5,
                61793634390.0,
                55789067553.5,
                56698617045.0,
                69739549720.0,
                57728883094.5,
                43376430968.0,
                43376430968.0,
                43376430968.0,
                43376430968.0,
                86989925904.5,
                43376430968.0,
                43376430968.0,
                102333640476.0,
                102270339557.0,
                86989925904.5,
                43376430968.0,
                50389594334.0,
                43376430968.0,
                43376430968.0,
                102333640476.0,
                43376430968.0,
                43318916631.5,
                43376430968.0,
                45013251175.0,
                43683506503.5,
                43318916631.5,
                43318916631.5,
                43318916631.5,
                43810564641.5,
                44124861892.5,
                43318916631.5,
                47073979755.0,
                89073046345.5,
                44026312188.0,
                106830258874.5,
                42890995301.0,
                56420665542.5,
                42890995301.0,
                43318916631.5,
                42890995301.0,
                42890995301.0,
                42890995301.0,
                42890995301.0,
                42890995301.0,
                43318916631.5,
                42897150969.0,
                43530853140.5,
                102773299964.0,
                53639561609.0,
                46137224737.0,
                46500443248.5,
                42890995301.0,
                43065523138.0,
                102773299964.0,
                87168250668.5,
                104258013878.0,
                42890995301.0,
                44123992371.0,
                43578132210.0,
                42897150969.0,
                56420665542.5,
                44539380202.0,
                43312851140.5,
                42890995301.0,
                43674207733.0,
                102773299964.0,
                42897150969.0,
                87168250668.5,
                55155511462.5,
                43065523138.0,
                43130795893.0,
                42890995301.0,
                56420665542.5,
                44539380202.0,
                43931327460.5,
                103578093513.0,
                42897150969.0,
                44539380202.0,
                56420665542.5,
                102773299964.0,
                42890995301.0,
                87168250668.5,
                51767329115.0,
                102773299964.0,
                43065523138.0,
                42897150969.0,
                42890995301.0,
                102773299964.0,
                42897150969.0,
                42890995301.0,
                87168250668.5,
                51790971814.0,
                43646417829.5
            ],